F =

   1.0e+03 *

   -6.1606
   -6.0132
    0.0000
    8.0000
    0.0000
   -0.0000
    8.0000
   -0.0000
   -0.0000
    4.0000
   -0.0000
    0.0000
   -7.8883
    0.0263
   -0.0000
   -0.0000
   -0.0000
    0.0000
   -0.0000
   -0.0000
   -0.0000
    0.0000
    0.0000
    0.0000
   -5.9510
    5.9868
   -0.0000
   -0.0000
   -0.0000
   -0.0000
    0.0000
   -0.0000
   -0.0000
   -0.0000
   -0.0000
    0.0000




Displacement =

  列 1 至 14

         0         0   -0.0058    0.0141    0.0000   -0.0025    0.0200    0.0000   -0.0010    0.0224    0.0000   -0.0004         0         0

  列 15 至 28

   -0.0062    0.0141   -0.0000   -0.0017    0.0200   -0.0000   -0.0009    0.0223   -0.0000   -0.0003         0         0   -0.0058    0.0141

  列 29 至 36

   -0.0000   -0.0025    0.0200   -0.0000   -0.0010    0.0223   -0.0000   -0.0004